김제 배터리 데이터 - 공유 파일 중 없는 날짜만 추출
================================================================================
Missing Dates Summary
================================================================================
Total missing dates: 55

Year Month Date
--------------------------------------------------------------------------------
2023 9 20230901
2023 9 20230902
2023 9 20230903
2023 9 20230904
2023 9 20230905
2023 9 20230906
2023 12 20231205
2024 8 20240813
2024 8 20240824
2024 8 20240825
2024 8 20240826
2024 8 20240827
2024 8 20240828
2024 8 20240829
2024 8 20240830
2024 8 20240831
2024 9 20240901
2024 9 20240902
2024 9 20240903
2024 9 20240904
2024 9 20240905
2024 9 20240906
2024 9 20240907
2024 9 20240908
2024 9 20240910
2024 9 20240911
2024 9 20240912
2024 9 20240913
2024 9 20240914
2024 9 20240915
2024 9 20240916
2024 9 20240917
2024 9 20240918
2024 9 20240919
2024 9 20240920
2024 9 20240921
2024 9 20240922
2024 9 20240923
2024 9 20240924
2024 9 20240925
2024 9 20240926
2024 9 20240927
2024 9 20240928
2024 9 20240929
2024 9 20240930
2024 12 20241231
2025 7 20250723
2025 7 20250724
2025 7 20250725
2025 7 20250726
2025 7 20250727
2025 7 20250728
2025 7 20250729
2025 7 20250730
2025 7 20250731
--------------------------------------------------------------------------------

================================================================================
Summary by Year/Month
================================================================================
Year Month Count
--------------------------------------------------------------------------------
2023 9 6
2023 12 1
2024 8 9
2024 9 29
2024 12 1
2025 7 9
--------------------------------------------------------------------------------
